39,
39,
36,
83,
66,
68,
37,
59,
1,
63,
86,
85,
93,
90,
13,
84,
30,
28,
81,
55,
76,
67,
15,
65,
63,
77,
86,
98,
0,
22,
32,
12,
42,
64,
63,
74,
25,
0,
45,
77,
38,
50,
60,
66,
73,
64,
54,
49,
57,
95,
18,
10,
96,
32,
86,
82,
97,
97,
23,
86,
36,
2,
8,
93,
41,
77,
43,
21,
53,
10,
34,
22,
60,
43,
19,
42,
89,
65,
81,
62,
2,
29,
97,
48,
1,
45,
5,
23,
92,
12,
21,
2,
13,
17,
25,
25,
58,
49,
0,
91,
59,
48,
16,
66,
99,
32,
64,
90,
32,
22,
16,
42,
8,
95,
33,
29,
55,
40,
11,
19,
4,
67,
8,
50,
12,
83,
31,
89,
93,
36,
39,
68,
34,
41,
56,
1,
36,
16,
78,
9,
3,
74,
70,
61,
2,
40,
54,
62,
79,
75,
21,
86,
73,
52,
93,
84,
28,
1,
27,
76,
0,
78,
14,
88,
54,
1,
97,
68,
70,
15,
65,
11,
91,
13,
96,
4,
31,
28,
44,
74,
36,
53,
40,
24,
91,
81,
2,
78,
41,
22,
28,
66,
81,
32,
0,
67,
12,
93,
67,
22,
81,
30,
41,
60,
69,
79,
71,
74,
52,
7,
32,
5,
46,
94,
89,
14,
63,
45,
13,
19,
48,
10,
34,
87,
55,
37,
18,
74,
83,
60,
47,
39,
70,
79,
43,
69,
24,
1,
20,
23,
79,
10,
65,
83,
42,
2,
71,
22,
80,
56,
17,
79,
59,
49,
61,
84,
59,
49,
41,
60,
91,
66,
95,
76,
83,
0,
54,
69,
61,
50,
50,
23,
71,
15,
75,
17,
6,
66,
7,
30,
15,
75,
27,
46,
8,
39,
42,
84,
43,
40,
58,
57,
12,
55,
93,
39,
54,
45,
10,
40,
98,
86,
85,
26,
40,
56,
75,
34,
8,
89,
99,
38,
58,
77,
34,
61,
38,
65,
60,
99,
45,
35,
40,
86,
6,
92,
69,
86,
62,
12,
27,
78,
45,
17,
2,
1,
15,
81,
95,
74,
31,
91,
69,
60,
15,
58,
14,
43,
14,
58,
79,
89,
84,
5,
12,
46,
82,
20,
33,
24,
8,
91,
10,
64,
53,
36,
88,
3,
2,
52,
17,
65,
8,
45,
52,
62,
77,
26,
27,
32,
15,
3,
84,
35,
29,
6,
76,
21,
31,
71,
83,
78,
38,
81,
74,
60,
94,
82,
87,
0,
67,
19,
72,
16,
89,
69,
5,
27,
84,
42,
85,
49,
69,
98,
73,
63,
98,
47,
90,
79,
61,
21,
62,
86,
86,
2,
23,
16,
57,
47,
55,
45,
18,
13,
73,
54,
8,
37,
26,
19,
93,
85,
45,
0,
92,
29,
64,
52,
29,
14,
93,
5,
33,
35,
66,
42,
32,
55,
73,
92,
13,
75,
1,
76,
17,
14,
50,
19,
84,
1,
41,
23,
43,
79,
86,
39,
76,
59,
88,
63,
41,
81,
73,
33,
22,
91,
7,
17,
42,
26,
61,
70,
82,
55,
15,
11,
74,
87,
85,
71,
50,
31,
49,
2,
58,
36,
32,
5,
6,
8,
62,
73,
35,
39,
3,
13,
52,
51,
14,
36,
98,
17,
70,
80,
36,
98,
39,
53,
84,
47,
42,
55,
88,
17,
74,
72,
78,
17,
96,
87,
41,
41,
84,
11,
97,
93,
6,
49,
31,
95,
98,
73,
63,
47,
68,
69,
64,
92,
65,
91,
91,
26,
99,
62,
0,
94,
17,
65,
59,
97,
69,
55,
61,
8,
72,
56,
97,
66,
86,
87,
88,
85,
55,
86,
21,
53,
75,
66,
69,
81,
31,
92,
23,
36,
58,
68,
69,
50,
33,
97,
42,
72,
27,
67,
30,
75,
57,
69,
54,
29,
67,
33,
29,
67,
30,
14,
68,
50,
24,
85,
39,
90,
31,
44,
57,
10,
30,
65,
64,
57,
58,
1,
18,
50,
30,
27,
29,
94,
24,
60,
4,
9,
54,
2,
80,
4,
85,
82,
89,
42,
1,
56,
46,
26,
72,
15,
20,
94,
11,
30,
99,
68,
12,
92,
92,
60,
22,
89,
85,
63,
3,
91,
0,
7,
1,
94,
85,
41,
98,
29,
47,
13,
41,
94,
79,
49,
10,
93,
56,
22,
85,
22,
44,
54,
0,
3,
86,
45,
96,
59,
78,
0,
12,
41,
77,
85,
50,
30,
66,
40,
33,
14,
22,
67,
61,
27,
40,
0,
22,
47,
62,
74,
81,
17,
14,
35,
9,
48,
10,
65,
63,
60,
5,
36,
82,
71,
55,
78,
89,
40,
1,
47,
32,
44,
82,
89,
63,
36,
87,
1,
98,
96,
13,
48,
46,
7,
46,
84,
7,
93,
19,
64,
47,
60,
12,
23,
66,
91,
34,
10,
88,
46,
81,
25,
93,
8,
76,
14,
65,
52,
56,
98,
13,
12,
69,
90,
12,
69,
86,
19,
82,
21,
53,
35,
61,
51,
97,
94,
58,
31,
71,
21,
73,
80,
82,
86,
27,
16,
99,
26,
70,
87,
33,
14,
56,
12,
10,
67,
91,
62,
4,
46,
39,
96,
69,
57,
28,
38,
4,
32,
80,
2,
65,
68,
47,
92,
97,
27,
94,
55,
35,
30,
27,
5,
60,
58,
36,
34,
28,
59,
16,
62,
83,
52,
97,
3,
42,
22,
60,
76,
63,
37,
28,
65,
36,
22,
66,
52,
32,
91,
42,
69,
80,
9,
74,
55,
88,
52,
46,
32,
36,
99,
66,
61,
24,
42,
92,
5,
92,
6,
49,
1,
88,
25,
16,
30,
88,
7,
71,
43,
49,
10,
32,
46,
87,
99,
25,
95,
58,
42,
57,
74,
61,
98,
5,
36,
77,
35,
12,
18,
27,
6,
71,
38,
74,
96,
82,
95,
38,
95,
49,
33,
88,
28,
43,
95,
83,
84,
19,
11,
56,
83,
29,
46,
79,
56,
82,
46,
8,
3,
62,
74,
71,
29,
23,
89,
69,
35,
4,
35,
57,
43,
40,
7,
75,
42,
35,
39,
52,
68,
37,
31,
20,
52,
3,
86,
87,
21,
91,
99,
4,
98,
92,
57,
97,
3,
44,
12,
33,
73,
85,
78,
29,
58,
32,
63,
20,
63,
89,
18,
59,
36,
85,
33,
73,
39,
70,
13,
59,
58,
50,
23,
62,
60,
76,
64,
96,
40,
62,
78,
15,
94,
6,
5
