72,
34,
0,
69,
37,
63,
74,
50,
65,
58,
42,
46,
43,
87,
97,
87,
43,
49,
96,
51,
98,
56,
52,
39,
8,
23,
49,
65,
98,
31,
60,
51,
24,
83,
53,
81,
56,
26,
33,
19,
69,
96,
8,
21,
21,
29,
88,
40,
7,
72,
8,
76,
22,
45,
22,
24,
9,
12,
87,
56,
13,
72,
1,
0,
90,
84,
28,
2,
85,
17,
58,
72,
63,
39,
13,
63,
49,
79,
81,
22,
78,
20,
34,
45,
41,
83,
59,
94,
8,
76,
38,
51,
42,
72,
61,
10,
54,
78,
73,
67,
89,
45,
77,
6,
28,
57,
35,
39,
84,
70,
36,
87,
99,
91,
15,
50,
42,
5,
49,
4,
10,
45,
72,
34,
70,
93,
56,
27,
80,
24,
20,
57,
47,
97,
71,
36,
22,
40,
36,
58,
4,
25,
29,
17,
27,
72,
73,
99,
65,
23,
62,
94,
2,
34,
8,
46,
31,
14,
20,
25,
84,
98,
50,
6,
91,
81,
35,
58,
59,
60,
92,
50,
35,
77,
85,
4,
68,
96,
50,
85,
98,
37,
89,
52,
52,
40,
15,
6,
75,
60,
35,
52,
35,
93,
62,
64,
66,
54,
49,
20,
3,
3,
29,
94,
52,
12,
10,
22,
80,
80,
33,
15,
14,
96,
99,
18,
80,
73,
11,
82,
5,
77,
4,
78,
12,
83,
36,
62,
71,
91,
42,
55,
60,
75,
61,
18,
83,
68,
66,
69,
38,
25,
31,
13,
68,
99,
78,
49,
59,
31,
34,
98,
6,
27,
75,
21,
15,
62,
5,
52,
18,
80,
61,
42,
96,
99,
79,
34,
37,
64,
61,
84,
67,
82,
66,
20,
32,
26,
0,
84,
72,
29,
67,
22,
44,
54,
48,
16,
61,
5,
15,
67,
71,
29,
34,
45,
22,
11,
27,
39,
73,
36,
85,
63,
37,
52,
44,
62,
62,
77,
84,
43,
91,
28,
47,
43,
5,
84,
76,
15,
80,
73,
0,
22,
10,
94,
73,
80,
98,
0,
2,
44,
35,
69,
48,
50,
10,
85,
56,
13,
95,
69,
71,
35,
36,
43,
93,
32,
57,
63,
22,
55,
58,
73,
40,
17,
68,
52,
42,
76,
37,
4,
11,
45,
47,
2,
41,
70,
25,
15,
7,
65,
22,
96,
11,
15,
76,
1,
72,
73,
50,
86,
6,
83,
59,
97,
33,
68,
24,
22,
54,
16,
34,
13,
50,
54,
54,
51,
41,
34,
6,
93,
87,
24,
47,
13,
10,
55,
66,
53,
39,
7,
86,
29,
93,
39,
97,
21,
61,
76,
6,
48,
72,
28,
33,
63,
95,
0,
14,
20,
70,
34,
62,
87,
38,
84,
58,
13,
24,
11,
6,
24,
95,
85,
16,
88,
1,
71,
74,
37,
23,
56,
99,
19,
40,
96,
30,
76,
75,
62,
5,
29,
6,
82,
48,
14,
79,
52,
64,
13,
55,
23,
20,
64,
26,
79,
8,
8,
96,
84,
5,
90,
31,
76,
30,
41,
23,
49,
70,
58,
64,
68,
87,
15,
72,
71,
72,
41,
55,
84,
16,
46,
93,
80,
9,
67,
67,
41,
46,
48,
61,
92,
22,
3,
86,
16,
47,
72,
0,
1,
79,
96,
60,
30,
66,
29,
12,
44,
94,
84,
84,
24,
22,
27,
72,
53,
60,
16,
70,
12,
67,
20,
65,
70,
73,
20,
66,
13,
14,
20,
99,
19,
39,
62,
39,
45,
72,
76,
51,
61,
19,
47,
8,
97,
2,
21,
19,
34,
77,
4,
71,
74,
86,
52,
91,
63,
27,
65,
73,
46,
43,
39,
32,
48,
10,
77,
27,
24,
80,
6,
96,
67,
38,
11,
18,
42,
97,
10,
99,
60,
13,
81,
23,
1,
71,
89,
71,
44,
31,
83,
55,
51,
67,
39,
31,
86,
2,
47,
2,
63,
82,
57,
7,
52,
59,
79,
18,
51,
62,
92,
2,
21,
70,
41,
61,
81,
42,
26,
89,
30,
17,
97,
6,
76,
65,
75,
41,
47,
13,
26,
91,
74,
23,
48,
24,
62,
6,
67,
33,
1,
1,
50,
66,
91,
2,
99,
5,
48,
0,
39,
45,
88,
70,
51,
44,
22,
1,
55,
57,
30,
86,
86,
38,
86,
26,
47,
40,
24,
88,
43,
70,
46,
38,
17,
14,
58,
48,
16,
55,
24,
60,
56,
24,
39,
52,
70,
0,
3,
56,
67,
60,
48,
49,
81,
72,
78,
3,
43,
98,
15,
60,
24,
49,
64,
10,
71,
79,
60,
25,
42,
32,
80,
94,
22,
25,
49,
49,
96,
22,
21,
93,
56,
44,
67,
83,
85,
68,
78,
46,
70,
22,
25,
98,
44,
46,
47,
40,
82,
19,
55,
71,
35,
71,
36,
83,
32,
64,
72,
93,
23,
74,
60,
92,
41,
91,
97,
47,
17,
54,
66,
0,
83,
20,
68,
58,
21,
50,
65,
0,
61,
5,
14,
72,
14,
56,
97,
97,
30,
77,
75,
30,
59,
5,
82,
85,
98,
28,
41,
53,
49,
74,
71,
88,
15,
85,
36,
49,
55,
0,
80,
78,
77,
89,
61,
31,
72,
60,
81,
86,
45,
45,
10,
30,
62,
14,
41,
16,
52,
35,
76,
29,
70,
89,
36,
54,
55,
23,
71,
94,
64,
20,
99,
47,
76,
43,
69,
37,
91,
97,
94,
54,
51,
71,
78,
72,
10,
13,
68,
86,
6,
77,
35,
55,
50,
9,
93,
58,
4,
64,
3,
1,
82,
82,
46,
62,
92,
56,
24,
24,
97,
73,
56,
15,
14,
3,
66,
24,
94,
71,
80,
6,
20,
28,
31,
92,
79,
28,
18,
77,
81,
12,
39,
94,
92,
11,
29,
95,
72,
31,
68,
14,
9,
71,
69,
39,
41,
42,
42,
2,
90,
31,
75,
8,
66,
90,
63,
51,
29,
58,
76,
69,
58,
61,
7,
14,
62,
46,
41,
34,
48,
24,
25,
43,
52,
96,
23,
77,
97,
70,
22,
3,
22,
29,
71,
5,
68,
39,
44,
28,
86,
57,
78,
44,
20,
53,
51,
51,
45,
43,
89,
20,
37,
3,
97,
29,
8,
98,
21,
97,
56,
89,
11,
46,
3,
9,
35,
60,
35,
5,
72,
68,
56,
71,
52,
30,
2,
79,
64,
47,
4,
74,
97,
40,
70,
25,
10,
78,
39,
47,
83,
83,
48,
83,
91
